{
 "cells": [
  {
   "cell_type": "markdown",
   "id": "d0f654ce",
   "metadata": {},
   "source": [
    "# How to Sort MultiIndex in Pandas\n",
    "\n",
    "https://datascientyst.com/sort-multiindex-pandas/"
   ]
  },
  {
   "cell_type": "code",
   "execution_count": 1,
   "id": "fdb68669",
   "metadata": {},
   "outputs": [
    {
     "data": {
      "text/html": [
       "<div>\n",
       "<style scoped>\n",
       "    .dataframe tbody tr th:only-of-type {\n",
       "        vertical-align: middle;\n",
       "    }\n",
       "\n",
       "    .dataframe tbody tr th {\n",
       "        vertical-align: top;\n",
       "    }\n",
       "\n",
       "    .dataframe thead th {\n",
       "        text-align: right;\n",
       "    }\n",
       "</style>\n",
       "<table border=\"1\" class=\"dataframe\">\n",
       "  <thead>\n",
       "    <tr style=\"text-align: right;\">\n",
       "      <th></th>\n",
       "      <th>Magnitude Type</th>\n",
       "      <th>Depth</th>\n",
       "      <th>Magnitude</th>\n",
       "    </tr>\n",
       "  </thead>\n",
       "  <tbody>\n",
       "    <tr>\n",
       "      <th>12153</th>\n",
       "      <td>MWB</td>\n",
       "      <td>15.7</td>\n",
       "      <td>6.4</td>\n",
       "    </tr>\n",
       "    <tr>\n",
       "      <th>100</th>\n",
       "      <td>MW</td>\n",
       "      <td>70.0</td>\n",
       "      <td>7.4</td>\n",
       "    </tr>\n",
       "    <tr>\n",
       "      <th>14206</th>\n",
       "      <td>MWC</td>\n",
       "      <td>10.0</td>\n",
       "      <td>5.5</td>\n",
       "    </tr>\n",
       "    <tr>\n",
       "      <th>7041</th>\n",
       "      <td>MW</td>\n",
       "      <td>58.7</td>\n",
       "      <td>5.5</td>\n",
       "    </tr>\n",
       "    <tr>\n",
       "      <th>3941</th>\n",
       "      <td>MB</td>\n",
       "      <td>157.0</td>\n",
       "      <td>5.9</td>\n",
       "    </tr>\n",
       "  </tbody>\n",
       "</table>\n",
       "</div>"
      ],
      "text/plain": [
       "      Magnitude Type  Depth  Magnitude\n",
       "12153            MWB   15.7        6.4\n",
       "100               MW   70.0        7.4\n",
       "14206            MWC   10.0        5.5\n",
       "7041              MW   58.7        5.5\n",
       "3941              MB  157.0        5.9"
      ]
     },
     "execution_count": 1,
     "metadata": {},
     "output_type": "execute_result"
    }
   ],
   "source": [
    "import pandas as pd\n",
    "\n",
    "df = pd.read_csv(f'../data/earthquakes_1965_2016_database.csv.zip')\n",
    "cols = ['Magnitude Type', 'Depth', 'Magnitude']\n",
    "df[cols].sample(5)"
   ]
  },
  {
   "cell_type": "markdown",
   "id": "51d29d06",
   "metadata": {},
   "source": [
    "## Step 1: Create MultiIndex DataFrame"
   ]
  },
  {
   "cell_type": "code",
   "execution_count": 2,
   "id": "8a884682",
   "metadata": {},
   "outputs": [
    {
     "data": {
      "text/html": [
       "<div>\n",
       "<style scoped>\n",
       "    .dataframe tbody tr th:only-of-type {\n",
       "        vertical-align: middle;\n",
       "    }\n",
       "\n",
       "    .dataframe tbody tr th {\n",
       "        vertical-align: top;\n",
       "    }\n",
       "\n",
       "    .dataframe thead tr th {\n",
       "        text-align: left;\n",
       "    }\n",
       "\n",
       "    .dataframe thead tr:last-of-type th {\n",
       "        text-align: right;\n",
       "    }\n",
       "</style>\n",
       "<table border=\"1\" class=\"dataframe\">\n",
       "  <thead>\n",
       "    <tr>\n",
       "      <th></th>\n",
       "      <th colspan=\"3\" halign=\"left\">Depth</th>\n",
       "      <th colspan=\"3\" halign=\"left\">Magnitude</th>\n",
       "    </tr>\n",
       "    <tr>\n",
       "      <th></th>\n",
       "      <th>mean</th>\n",
       "      <th>count</th>\n",
       "      <th>sum</th>\n",
       "      <th>mean</th>\n",
       "      <th>count</th>\n",
       "      <th>sum</th>\n",
       "    </tr>\n",
       "    <tr>\n",
       "      <th>Magnitude Type</th>\n",
       "      <th></th>\n",
       "      <th></th>\n",
       "      <th></th>\n",
       "      <th></th>\n",
       "      <th></th>\n",
       "      <th></th>\n",
       "    </tr>\n",
       "  </thead>\n",
       "  <tbody>\n",
       "    <tr>\n",
       "      <th>MB</th>\n",
       "      <td>81.579365</td>\n",
       "      <td>3761</td>\n",
       "      <td>306819.990</td>\n",
       "      <td>5.682957</td>\n",
       "      <td>3761</td>\n",
       "      <td>21373.60</td>\n",
       "    </tr>\n",
       "    <tr>\n",
       "      <th>MD</th>\n",
       "      <td>21.670000</td>\n",
       "      <td>6</td>\n",
       "      <td>130.020</td>\n",
       "      <td>5.966667</td>\n",
       "      <td>6</td>\n",
       "      <td>35.80</td>\n",
       "    </tr>\n",
       "    <tr>\n",
       "      <th>MH</th>\n",
       "      <td>8.074600</td>\n",
       "      <td>5</td>\n",
       "      <td>40.373</td>\n",
       "      <td>6.540000</td>\n",
       "      <td>5</td>\n",
       "      <td>32.70</td>\n",
       "    </tr>\n",
       "    <tr>\n",
       "      <th>ML</th>\n",
       "      <td>14.158273</td>\n",
       "      <td>77</td>\n",
       "      <td>1090.187</td>\n",
       "      <td>5.814675</td>\n",
       "      <td>77</td>\n",
       "      <td>447.73</td>\n",
       "    </tr>\n",
       "    <tr>\n",
       "      <th>MS</th>\n",
       "      <td>30.142226</td>\n",
       "      <td>1702</td>\n",
       "      <td>51302.068</td>\n",
       "      <td>5.994360</td>\n",
       "      <td>1702</td>\n",
       "      <td>10202.40</td>\n",
       "    </tr>\n",
       "    <tr>\n",
       "      <th>MW</th>\n",
       "      <td>77.034037</td>\n",
       "      <td>7722</td>\n",
       "      <td>594856.835</td>\n",
       "      <td>5.933794</td>\n",
       "      <td>7722</td>\n",
       "      <td>45820.76</td>\n",
       "    </tr>\n",
       "    <tr>\n",
       "      <th>MWB</th>\n",
       "      <td>76.989829</td>\n",
       "      <td>2458</td>\n",
       "      <td>189241.000</td>\n",
       "      <td>5.907282</td>\n",
       "      <td>2458</td>\n",
       "      <td>14520.10</td>\n",
       "    </tr>\n",
       "    <tr>\n",
       "      <th>MWC</th>\n",
       "      <td>66.808213</td>\n",
       "      <td>5669</td>\n",
       "      <td>378735.760</td>\n",
       "      <td>5.858176</td>\n",
       "      <td>5669</td>\n",
       "      <td>33210.00</td>\n",
       "    </tr>\n",
       "    <tr>\n",
       "      <th>MWR</th>\n",
       "      <td>22.445385</td>\n",
       "      <td>26</td>\n",
       "      <td>583.580</td>\n",
       "      <td>5.630769</td>\n",
       "      <td>26</td>\n",
       "      <td>146.40</td>\n",
       "    </tr>\n",
       "    <tr>\n",
       "      <th>MWW</th>\n",
       "      <td>67.568545</td>\n",
       "      <td>1983</td>\n",
       "      <td>133988.425</td>\n",
       "      <td>6.008674</td>\n",
       "      <td>1983</td>\n",
       "      <td>11915.20</td>\n",
       "    </tr>\n",
       "  </tbody>\n",
       "</table>\n",
       "</div>"
      ],
      "text/plain": [
       "                    Depth                   Magnitude                \n",
       "                     mean count         sum      mean count       sum\n",
       "Magnitude Type                                                       \n",
       "MB              81.579365  3761  306819.990  5.682957  3761  21373.60\n",
       "MD              21.670000     6     130.020  5.966667     6     35.80\n",
       "MH               8.074600     5      40.373  6.540000     5     32.70\n",
       "ML              14.158273    77    1090.187  5.814675    77    447.73\n",
       "MS              30.142226  1702   51302.068  5.994360  1702  10202.40\n",
       "MW              77.034037  7722  594856.835  5.933794  7722  45820.76\n",
       "MWB             76.989829  2458  189241.000  5.907282  2458  14520.10\n",
       "MWC             66.808213  5669  378735.760  5.858176  5669  33210.00\n",
       "MWR             22.445385    26     583.580  5.630769    26    146.40\n",
       "MWW             67.568545  1983  133988.425  6.008674  1983  11915.20"
      ]
     },
     "execution_count": 2,
     "metadata": {},
     "output_type": "execute_result"
    }
   ],
   "source": [
    "df_multi = df.groupby(['Magnitude Type'])[['Depth', 'Magnitude']].agg(['mean', 'count', 'sum'])\n",
    "df_multi"
   ]
  },
  {
   "cell_type": "markdown",
   "id": "e195692e",
   "metadata": {},
   "source": [
    "## Step 2: Find the MultiIndex levels"
   ]
  },
  {
   "cell_type": "code",
   "execution_count": 3,
   "id": "019015c2",
   "metadata": {},
   "outputs": [
    {
     "data": {
      "text/plain": [
       "MultiIndex([(    'Depth',  'mean'),\n",
       "            (    'Depth', 'count'),\n",
       "            (    'Depth',   'sum'),\n",
       "            ('Magnitude',  'mean'),\n",
       "            ('Magnitude', 'count'),\n",
       "            ('Magnitude',   'sum')],\n",
       "           )"
      ]
     },
     "execution_count": 3,
     "metadata": {},
     "output_type": "execute_result"
    }
   ],
   "source": [
    "df_multi.columns"
   ]
  },
  {
   "cell_type": "code",
   "execution_count": 4,
   "id": "c940a2c4",
   "metadata": {},
   "outputs": [
    {
     "data": {
      "text/plain": [
       "('Depth', 'sum')"
      ]
     },
     "execution_count": 4,
     "metadata": {},
     "output_type": "execute_result"
    }
   ],
   "source": [
    "df_multi.columns[2]"
   ]
  },
  {
   "cell_type": "code",
   "execution_count": 5,
   "id": "fed7d94f",
   "metadata": {},
   "outputs": [
    {
     "data": {
      "text/plain": [
       "Index(['mean', 'count', 'sum', 'mean', 'count', 'sum'], dtype='object')"
      ]
     },
     "execution_count": 5,
     "metadata": {},
     "output_type": "execute_result"
    }
   ],
   "source": [
    "df_multi.columns.get_level_values(1)"
   ]
  },
  {
   "cell_type": "markdown",
   "id": "02e64f3c",
   "metadata": {},
   "source": [
    "## Step 3: Sort MultiIndex in Pandas "
   ]
  },
  {
   "cell_type": "code",
   "execution_count": 6,
   "id": "cc690183",
   "metadata": {},
   "outputs": [
    {
     "data": {
      "text/html": [
       "<div>\n",
       "<style scoped>\n",
       "    .dataframe tbody tr th:only-of-type {\n",
       "        vertical-align: middle;\n",
       "    }\n",
       "\n",
       "    .dataframe tbody tr th {\n",
       "        vertical-align: top;\n",
       "    }\n",
       "\n",
       "    .dataframe thead tr th {\n",
       "        text-align: left;\n",
       "    }\n",
       "\n",
       "    .dataframe thead tr:last-of-type th {\n",
       "        text-align: right;\n",
       "    }\n",
       "</style>\n",
       "<table border=\"1\" class=\"dataframe\">\n",
       "  <thead>\n",
       "    <tr>\n",
       "      <th></th>\n",
       "      <th colspan=\"3\" halign=\"left\">Depth</th>\n",
       "      <th colspan=\"3\" halign=\"left\">Magnitude</th>\n",
       "    </tr>\n",
       "    <tr>\n",
       "      <th></th>\n",
       "      <th>mean</th>\n",
       "      <th>count</th>\n",
       "      <th>sum</th>\n",
       "      <th>mean</th>\n",
       "      <th>count</th>\n",
       "      <th>sum</th>\n",
       "    </tr>\n",
       "    <tr>\n",
       "      <th>Magnitude Type</th>\n",
       "      <th></th>\n",
       "      <th></th>\n",
       "      <th></th>\n",
       "      <th></th>\n",
       "      <th></th>\n",
       "      <th></th>\n",
       "    </tr>\n",
       "  </thead>\n",
       "  <tbody>\n",
       "    <tr>\n",
       "      <th>MB</th>\n",
       "      <td>81.579365</td>\n",
       "      <td>3761</td>\n",
       "      <td>306819.990</td>\n",
       "      <td>5.682957</td>\n",
       "      <td>3761</td>\n",
       "      <td>21373.60</td>\n",
       "    </tr>\n",
       "    <tr>\n",
       "      <th>MW</th>\n",
       "      <td>77.034037</td>\n",
       "      <td>7722</td>\n",
       "      <td>594856.835</td>\n",
       "      <td>5.933794</td>\n",
       "      <td>7722</td>\n",
       "      <td>45820.76</td>\n",
       "    </tr>\n",
       "    <tr>\n",
       "      <th>MWB</th>\n",
       "      <td>76.989829</td>\n",
       "      <td>2458</td>\n",
       "      <td>189241.000</td>\n",
       "      <td>5.907282</td>\n",
       "      <td>2458</td>\n",
       "      <td>14520.10</td>\n",
       "    </tr>\n",
       "    <tr>\n",
       "      <th>MWW</th>\n",
       "      <td>67.568545</td>\n",
       "      <td>1983</td>\n",
       "      <td>133988.425</td>\n",
       "      <td>6.008674</td>\n",
       "      <td>1983</td>\n",
       "      <td>11915.20</td>\n",
       "    </tr>\n",
       "    <tr>\n",
       "      <th>MWC</th>\n",
       "      <td>66.808213</td>\n",
       "      <td>5669</td>\n",
       "      <td>378735.760</td>\n",
       "      <td>5.858176</td>\n",
       "      <td>5669</td>\n",
       "      <td>33210.00</td>\n",
       "    </tr>\n",
       "  </tbody>\n",
       "</table>\n",
       "</div>"
      ],
      "text/plain": [
       "                    Depth                   Magnitude                \n",
       "                     mean count         sum      mean count       sum\n",
       "Magnitude Type                                                       \n",
       "MB              81.579365  3761  306819.990  5.682957  3761  21373.60\n",
       "MW              77.034037  7722  594856.835  5.933794  7722  45820.76\n",
       "MWB             76.989829  2458  189241.000  5.907282  2458  14520.10\n",
       "MWW             67.568545  1983  133988.425  6.008674  1983  11915.20\n",
       "MWC             66.808213  5669  378735.760  5.858176  5669  33210.00"
      ]
     },
     "execution_count": 6,
     "metadata": {},
     "output_type": "execute_result"
    }
   ],
   "source": [
    "df_multi.sort_values(by=[('Depth', 'mean')], ascending=False).head(5)"
   ]
  },
  {
   "cell_type": "markdown",
   "id": "05a6fdec",
   "metadata": {},
   "source": [
    "## Step 4: Sort MultiIndex by multiple levels"
   ]
  },
  {
   "cell_type": "code",
   "execution_count": 7,
   "id": "2018fa35",
   "metadata": {},
   "outputs": [
    {
     "data": {
      "text/html": [
       "<div>\n",
       "<style scoped>\n",
       "    .dataframe tbody tr th:only-of-type {\n",
       "        vertical-align: middle;\n",
       "    }\n",
       "\n",
       "    .dataframe tbody tr th {\n",
       "        vertical-align: top;\n",
       "    }\n",
       "\n",
       "    .dataframe thead tr th {\n",
       "        text-align: left;\n",
       "    }\n",
       "\n",
       "    .dataframe thead tr:last-of-type th {\n",
       "        text-align: right;\n",
       "    }\n",
       "</style>\n",
       "<table border=\"1\" class=\"dataframe\">\n",
       "  <thead>\n",
       "    <tr>\n",
       "      <th></th>\n",
       "      <th colspan=\"3\" halign=\"left\">Depth</th>\n",
       "      <th colspan=\"3\" halign=\"left\">Magnitude</th>\n",
       "    </tr>\n",
       "    <tr>\n",
       "      <th></th>\n",
       "      <th>mean</th>\n",
       "      <th>count</th>\n",
       "      <th>sum</th>\n",
       "      <th>mean</th>\n",
       "      <th>count</th>\n",
       "      <th>sum</th>\n",
       "    </tr>\n",
       "    <tr>\n",
       "      <th>Magnitude Type</th>\n",
       "      <th></th>\n",
       "      <th></th>\n",
       "      <th></th>\n",
       "      <th></th>\n",
       "      <th></th>\n",
       "      <th></th>\n",
       "    </tr>\n",
       "  </thead>\n",
       "  <tbody>\n",
       "    <tr>\n",
       "      <th>MB</th>\n",
       "      <td>81.579365</td>\n",
       "      <td>3761</td>\n",
       "      <td>306819.990</td>\n",
       "      <td>5.682957</td>\n",
       "      <td>3761</td>\n",
       "      <td>21373.60</td>\n",
       "    </tr>\n",
       "    <tr>\n",
       "      <th>MW</th>\n",
       "      <td>77.034037</td>\n",
       "      <td>7722</td>\n",
       "      <td>594856.835</td>\n",
       "      <td>5.933794</td>\n",
       "      <td>7722</td>\n",
       "      <td>45820.76</td>\n",
       "    </tr>\n",
       "    <tr>\n",
       "      <th>MWB</th>\n",
       "      <td>76.989829</td>\n",
       "      <td>2458</td>\n",
       "      <td>189241.000</td>\n",
       "      <td>5.907282</td>\n",
       "      <td>2458</td>\n",
       "      <td>14520.10</td>\n",
       "    </tr>\n",
       "    <tr>\n",
       "      <th>MWW</th>\n",
       "      <td>67.568545</td>\n",
       "      <td>1983</td>\n",
       "      <td>133988.425</td>\n",
       "      <td>6.008674</td>\n",
       "      <td>1983</td>\n",
       "      <td>11915.20</td>\n",
       "    </tr>\n",
       "    <tr>\n",
       "      <th>MWC</th>\n",
       "      <td>66.808213</td>\n",
       "      <td>5669</td>\n",
       "      <td>378735.760</td>\n",
       "      <td>5.858176</td>\n",
       "      <td>5669</td>\n",
       "      <td>33210.00</td>\n",
       "    </tr>\n",
       "    <tr>\n",
       "      <th>MS</th>\n",
       "      <td>30.142226</td>\n",
       "      <td>1702</td>\n",
       "      <td>51302.068</td>\n",
       "      <td>5.994360</td>\n",
       "      <td>1702</td>\n",
       "      <td>10202.40</td>\n",
       "    </tr>\n",
       "    <tr>\n",
       "      <th>MWR</th>\n",
       "      <td>22.445385</td>\n",
       "      <td>26</td>\n",
       "      <td>583.580</td>\n",
       "      <td>5.630769</td>\n",
       "      <td>26</td>\n",
       "      <td>146.40</td>\n",
       "    </tr>\n",
       "    <tr>\n",
       "      <th>MD</th>\n",
       "      <td>21.670000</td>\n",
       "      <td>6</td>\n",
       "      <td>130.020</td>\n",
       "      <td>5.966667</td>\n",
       "      <td>6</td>\n",
       "      <td>35.80</td>\n",
       "    </tr>\n",
       "    <tr>\n",
       "      <th>ML</th>\n",
       "      <td>14.158273</td>\n",
       "      <td>77</td>\n",
       "      <td>1090.187</td>\n",
       "      <td>5.814675</td>\n",
       "      <td>77</td>\n",
       "      <td>447.73</td>\n",
       "    </tr>\n",
       "    <tr>\n",
       "      <th>MH</th>\n",
       "      <td>8.074600</td>\n",
       "      <td>5</td>\n",
       "      <td>40.373</td>\n",
       "      <td>6.540000</td>\n",
       "      <td>5</td>\n",
       "      <td>32.70</td>\n",
       "    </tr>\n",
       "  </tbody>\n",
       "</table>\n",
       "</div>"
      ],
      "text/plain": [
       "                    Depth                   Magnitude                \n",
       "                     mean count         sum      mean count       sum\n",
       "Magnitude Type                                                       \n",
       "MB              81.579365  3761  306819.990  5.682957  3761  21373.60\n",
       "MW              77.034037  7722  594856.835  5.933794  7722  45820.76\n",
       "MWB             76.989829  2458  189241.000  5.907282  2458  14520.10\n",
       "MWW             67.568545  1983  133988.425  6.008674  1983  11915.20\n",
       "MWC             66.808213  5669  378735.760  5.858176  5669  33210.00\n",
       "MS              30.142226  1702   51302.068  5.994360  1702  10202.40\n",
       "MWR             22.445385    26     583.580  5.630769    26    146.40\n",
       "MD              21.670000     6     130.020  5.966667     6     35.80\n",
       "ML              14.158273    77    1090.187  5.814675    77    447.73\n",
       "MH               8.074600     5      40.373  6.540000     5     32.70"
      ]
     },
     "execution_count": 7,
     "metadata": {},
     "output_type": "execute_result"
    }
   ],
   "source": [
    "df_multi.sort_values(by=[('Depth', 'mean'), ('Depth', 'sum')], ascending=False)"
   ]
  },
  {
   "cell_type": "markdown",
   "id": "5e3a2994",
   "metadata": {},
   "source": [
    "## Step 5: Sort MultiIndex by the level number"
   ]
  },
  {
   "cell_type": "code",
   "execution_count": 8,
   "id": "88fbc788",
   "metadata": {},
   "outputs": [
    {
     "data": {
      "text/html": [
       "<div>\n",
       "<style scoped>\n",
       "    .dataframe tbody tr th:only-of-type {\n",
       "        vertical-align: middle;\n",
       "    }\n",
       "\n",
       "    .dataframe tbody tr th {\n",
       "        vertical-align: top;\n",
       "    }\n",
       "\n",
       "    .dataframe thead tr th {\n",
       "        text-align: left;\n",
       "    }\n",
       "\n",
       "    .dataframe thead tr:last-of-type th {\n",
       "        text-align: right;\n",
       "    }\n",
       "</style>\n",
       "<table border=\"1\" class=\"dataframe\">\n",
       "  <thead>\n",
       "    <tr>\n",
       "      <th></th>\n",
       "      <th colspan=\"3\" halign=\"left\">Depth</th>\n",
       "      <th colspan=\"3\" halign=\"left\">Magnitude</th>\n",
       "    </tr>\n",
       "    <tr>\n",
       "      <th></th>\n",
       "      <th>mean</th>\n",
       "      <th>count</th>\n",
       "      <th>sum</th>\n",
       "      <th>mean</th>\n",
       "      <th>count</th>\n",
       "      <th>sum</th>\n",
       "    </tr>\n",
       "    <tr>\n",
       "      <th>Magnitude Type</th>\n",
       "      <th></th>\n",
       "      <th></th>\n",
       "      <th></th>\n",
       "      <th></th>\n",
       "      <th></th>\n",
       "      <th></th>\n",
       "    </tr>\n",
       "  </thead>\n",
       "  <tbody>\n",
       "    <tr>\n",
       "      <th>MW</th>\n",
       "      <td>77.034037</td>\n",
       "      <td>7722</td>\n",
       "      <td>594856.835</td>\n",
       "      <td>5.933794</td>\n",
       "      <td>7722</td>\n",
       "      <td>45820.76</td>\n",
       "    </tr>\n",
       "    <tr>\n",
       "      <th>MWC</th>\n",
       "      <td>66.808213</td>\n",
       "      <td>5669</td>\n",
       "      <td>378735.760</td>\n",
       "      <td>5.858176</td>\n",
       "      <td>5669</td>\n",
       "      <td>33210.00</td>\n",
       "    </tr>\n",
       "    <tr>\n",
       "      <th>MB</th>\n",
       "      <td>81.579365</td>\n",
       "      <td>3761</td>\n",
       "      <td>306819.990</td>\n",
       "      <td>5.682957</td>\n",
       "      <td>3761</td>\n",
       "      <td>21373.60</td>\n",
       "    </tr>\n",
       "    <tr>\n",
       "      <th>MWB</th>\n",
       "      <td>76.989829</td>\n",
       "      <td>2458</td>\n",
       "      <td>189241.000</td>\n",
       "      <td>5.907282</td>\n",
       "      <td>2458</td>\n",
       "      <td>14520.10</td>\n",
       "    </tr>\n",
       "    <tr>\n",
       "      <th>MWW</th>\n",
       "      <td>67.568545</td>\n",
       "      <td>1983</td>\n",
       "      <td>133988.425</td>\n",
       "      <td>6.008674</td>\n",
       "      <td>1983</td>\n",
       "      <td>11915.20</td>\n",
       "    </tr>\n",
       "  </tbody>\n",
       "</table>\n",
       "</div>"
      ],
      "text/plain": [
       "                    Depth                   Magnitude                \n",
       "                     mean count         sum      mean count       sum\n",
       "Magnitude Type                                                       \n",
       "MW              77.034037  7722  594856.835  5.933794  7722  45820.76\n",
       "MWC             66.808213  5669  378735.760  5.858176  5669  33210.00\n",
       "MB              81.579365  3761  306819.990  5.682957  3761  21373.60\n",
       "MWB             76.989829  2458  189241.000  5.907282  2458  14520.10\n",
       "MWW             67.568545  1983  133988.425  6.008674  1983  11915.20"
      ]
     },
     "execution_count": 8,
     "metadata": {},
     "output_type": "execute_result"
    }
   ],
   "source": [
    "df_multi.sort_values(by=[df_multi.columns[2]], ascending=False).head(5)"
   ]
  }
 ],
 "metadata": {
  "kernelspec": {
   "display_name": "Python 3",
   "language": "python",
   "name": "python3"
  },
  "language_info": {
   "codemirror_mode": {
    "name": "ipython",
    "version": 3
   },
   "file_extension": ".py",
   "mimetype": "text/x-python",
   "name": "python",
   "nbconvert_exporter": "python",
   "pygments_lexer": "ipython3",
   "version": "3.8.0"
  },
  "toc": {
   "base_numbering": 1,
   "nav_menu": {},
   "number_sections": true,
   "sideBar": true,
   "skip_h1_title": false,
   "title_cell": "Table of Contents",
   "title_sidebar": "Contents",
   "toc_cell": false,
   "toc_position": {},
   "toc_section_display": true,
   "toc_window_display": false
  }
 },
 "nbformat": 4,
 "nbformat_minor": 5
}
